23
6
22
31
6
42
10
4
37
15
10
44
34
24
40
17
18
15
49
20
33
25
4
14
10
11
28
2
42
42
43
47
47
21
1
28
4
18
29
14
10
27
13
24
39
26
34
27
2
45
22
24
16
4
31
47
5
15
35
4
44
22
16
20
32
42
47
40
8
9
0
10
19
6
2
42
26
12
22
25
3
0
3
21
22
32
30
27
28
16
43
13
2
20
6
39
42
0
7
31
8
10
5
38
45
42
44
48
5
10
48
27
30
38
14
15
43
2
42
27
18
0
27
5
20
10
40
29
46
41
8
45
26
22
38
16
36
5
29
44
6
4
19
0
30
15
36
38
41
7
14
29
14
35
27
19
49
17
19
48
34
47
14
19
18
19
35
47
31
1
9
36
28
15
46
11
11
1
41
35
22
10
19
32
27
8
6
49
26
10
27
20
31
6
43
37
14
22
32
25
7
13
13
23
32
19
1
28
27
40
2
43
36
8
33
47
16
9
30
29
43
38
10
30
25
29
30
5
8
31
48
36
1
19
49
5
26
21
45
26
21
1
27
13
43
23
18
22
34
9
7
3
29
48
45
24
20
38
21
12
6
42
12
36
35
45
45
4
23
2
13
27
24
30
46
23
29
18
20
40
47
32
30
5
3
40
5
24
1
22
36
2
30
13
16
49
41
47
38
37
23
5
23
2
37
3
34
21
3
48
12
6
8
14
19
20
5
13
9
4
11
24
27
1
6
12
16
44
32
31
35
48
6
24
45
26
34
18
41
19
44
32
31
10
21
26
47
15
32
28
31
30
35
15
20
40
29
16
11
43
13
47
18
2
23
34
42
16
24
31
48
22
26
11
10
27
37
18
2
38
12
31
7
16
36
20
15
27
3
39
46
48
37
30
43
39
4
26
17
39
31
11
38
3
42
34
21
36
12
29
10
33
35
41
6
18
45
39
0
40
5
20
14
44
37
4
13
27
24
31
34
1
22
11
39
1
14
20
44
33
33
20
34
46
15
40
38
36
27
43
11
4
40
32
35
44
47
31
5
41
11
4
9
38
9
3
31
36
31
5
0
15
12
34
9
23
16
22
40
27
32
36
14
19
44
1
33
42
31
37
23
31
41
46
49
29
7
16
26
34
5
6
20
49
3
8
43
11
48
20
23
17
0
48
33
13
2
4
19
39
24
28
41
15
8
21
33
22
47
5
23
23
27
30
25
16
15
18
42
2
33
23
33
4
16
9
22
24
9
16
40
30
17
25
39
25
30
42
24
41
10
20
12
42
47
3
31
2
32
41
17
20
5
11
1
31
7
38
28
43
23
38
40
24
5
44
12
3
49
20
36
24
25
42
24
1
25
30
30
45
2
41
20
12
8
4
3
25
42
25
25
13
46
37
23
13
38
47
46
24
39
46
41
18
3
32
24
40
23
28
35
35
37
14
30
26
30
16
26
40
41
14
25
27
32
0
34
24
25
40
40
13
23
1
43
20
23
46
43
12
45
48
7
25
45
6
3
47
7
22
22
9
1
39
35
25
5
6
36
28
42
33
9
21
7
11
28
23
36
14
18
13
3
23
42
1
13
15
15
15
41
31
44
31
15
14
30
6
35
25
18
33
5
1
46
28
2
21
34
49
15
27
4
11
33
46
44
43
21
40
41
6
37
35
1
27
48
18
24
27
8
6
34
24
25
22
22
24
36
38
6
49
47
44
3
42
47
12
10
2
13
17
14
37
27
40
47
9
42
38
7
10
2
22
40
40
0
34
48
25
29
49
12
40
37
1
19
29
22
19
39
39
42
12
12
45
38
35
5
16
3
44
21
11
7
38
43
9
30
49
46
44
24
15
41
42
35
9
17
0
30
22
13
7
29
5
43
37
9
6
45
47
38
5
13
29
12
31
4
2
10
25
24
2
43
29
22
20
10
28
24
43
8
28
9
43
43
6
48
2
4
18
26
28
0
4
32
15
27
5
21
8
19
31
37
26
11
11
25
23
40
40
22
7
18
14
16
17
40
40
45
13
16
48
32
12
22
7
38
11
17
39
40
27
10
1
30
24
41
12
14
17
24
14
33
26
44
31
36
40
31
7
10
27
18
38
11
24
7
31
11
49
36
28
7
28
10
9
27
4
25
45
16
29
36
42
9
5
27
31
9
15
14
31
36
28
12
9
31
37
7
6
20
37
11
23
48
34
26
27
42
20
31
49
8
28
3
34
47
30
39
31
0
14
11
42
16
28
28
18
14
37
4
11
8
35
28
3
3
0
257
225
607
701
461
507
526
966
438
86
218
829
61
694
714
839
39
300
244
190
352
752
100
824
409
83
665
577
969
292
107
206
399
741
697
863
213
201
383
608
448
452
524
261
372
199
337
207
796
6
606
30
216
560
695
349
71
899
515
13
660
529
997
359
317
939
387
866
909
888
196
925
876
377
967
609
700
637
590
422
652
684
473
785
178
859
87
991
673
635
776
632
850
205
829
274
727
558
9
937
267
147
1
816
333
514
30
799
563
940
716
978
466
722
899
897
700
91
250
169
947
408
691
454
65
613
929
267
914
524
167
544
697
343
706
807
720
569
646
27
75
73
767
189
779
740
14
84
408
295
915
192
264
638
305
876
396
732
749
309
66
959
688
339
845
423
36
172
928
51
571
495
674
87
755
43
906
30
918
613
372
496
638
696
892
337
670
444
807
302
827
821
514
164
905
647
698
87
522
619
682
548
177
329
162
659
677
162
908
756
33
408
507
989
768
308
692
69
566
20
271
496
561
911
534
248
830
278
43
612
368
625
209
295
20
851
153
600
88
356
677
538
33
673
184
743
180
769
868
998
132
214
726
621
450
294
180
69
67
134
798
81
235
618
866
986
823
115
945
371
704
189
544
387
12
396
737
516
46
571
807
199
845
288
281
74
523
479
245
320
212
946
326
699
486
298
368
160
183
908
448
878
50
715
193
29
108
853
753
983
19
997
682
710
221
605
364
434
406
870
215
196
284
526
631
213
837
732
144
244
280
826
481
560
705
632
853
90
13
809
972
861
21
388
488
837
696
842
283
698
169
838
990
151
704
494
301
587
804
421
590
124
238
602
584
338
657
736
607
991
765
419
974
57
882
100
438
562
642
881
682
948
567
12
237
604
708
694
563
450
680
136
37
298
565
254
336
106
30
553
709
336
942
719
410
272
278
448
903
551
374
984
646
983
597
180
881
831
492
331
687
829
900
546
737
739
240
908
55
548
437
677
824
945
565
817
198
221
275
645
304
617
961
697
921
612
510
873
862
235
203
607
364
145
868
95
151
819
516
911
184
779
705
584
342
926
286
429
621
844
191
959
788
676
359
818
568
514
598
104
382
742
663
624
918
377
597
75
955
46
325
843
823
979
822
575
851
499
93
63
379
714
173
625
488
908
476
206
136
626
809
485
488
442
930
297
609
66
210
9
648
872
270
660
304
433
144
350
674
212
253
548
732
258
82
984
528
125
620
465
19
634
116
795
958
548
600
14
113
22
23
525
235
901
285
726
382
24
804
961
288
501
660
206
124
833
577
720
887
875
930
552
182
237
898
47
756
8
599
371
226
228
24
485
503
577
644
205
759
788
453
99
440
697
932
731
887
130
38
508
553
513
843
709
582
968
319
236
631
314
49
701
24
29
634
299
785
215
816
6
638
514
912
817
855
974
513
350
201
209
733
641
531
717
371
38
429
262
591
239
971
790
996
270
727
696
568
212
148
925
669
308
79
102
559
358
288
142
65
635
431
979
778
594
601
498
990
982
921
36
767
156
867
664
442
980
780
806
334
123
477
109
454
994
742
618
928
408
408
743
718
127
531
3
570
925
62
419
639
505
564
853
770
39
27
268
703
786
873
645
720
205
151
269
504
447
255
173
742
280
842
875
925
724
426
702
304
571
990
21
403
131
452
837
661
475
600
22
673
156
947
600
27
582
39
679
648
868
198
480
750
477
643
783
946
304
512
471
801
155
294
629
638
672
540
9
730
501
902
657
394
310
782
988
882
449
440
368
151
102
544
785
651
585
918
423
617
454
17
66
695
775
58
533
20
284
927
52
239
72
944
355
255
548
862
404
913
795
271
972
276
634
471
644
281
897
232
487
773
433
842
332
64
876
981
450
168
692
147
410
687
809
867
638
436
715
128
501
189
672
864
943
242
298
640
947
244
24
413
59
476
608
477
8
176
558
796
56
416
147
634
800
855
708
690
480
381
934
462
474
865
67
526
229
436
604
671
868
464
931
352
783
592
932
719
643
913
232
794
851
502
965
434
698
305
125
98
995
413
184
365
735
529
921
421
306
167
467
360
747
634
502
341
902
550
546
685
952
89
798
628
582
247
686
862
667
491
967
542
980
841
375
490
705
306
94
690
90
950
427
584
379
653
229
49
870
193
903
321
212
131
222
853
575
854
866
570
239
729
215
955
111
797
975
695
323
638
997
761
737
751
56
289
176
318
363
904
233
471
181
409
633
492
90
170
561
9
845
866
578
365
704
500
96
565
842
450
34
891
139
