7
3
0
5
1
4
1
0
2
1
9
9
7
2
1
1
2
2
4
3
8
0
1
1
9
6
5
2
4
9
0
9
6
1
3
7
5
9
8
9
7
3
2
4
3
1
6
2
1
7
9
6
8
2
8
5
2
9
0
1
9
6
7
5
4
2
4
8
7
6
1
2
2
8
3
3
7
7
6
9
1
3
1
0
1
3
5
5
8
8
6
1
0
8
0
4
4
7
7
8
366
441
899
675
143
788
77
361
87
268
382
906
941
893
517
869
811
110
89
174
497
834
883
370
866
833
150
642
173
789
782
61
403
104
243
286
687
283
952
525
495
538
276
345
862
747
37
379
283
453
755
190
233
372
112
578
380
803
674
983
125
387
675
79
274
999
85
196
109
682
61
777
319
152
123
869
505
866
939
938
735
437
531
579
626
226
89
315
992
183
369
115
745
196
536
163
217
779
480
738
