3
5
7
8
6
8
4
3
8
1
6
7
9
2
6
8
4
1
4
1
2
6
3
2
0
4
6
5
5
6
3
1
6
6
6
2
5
9
7
3
9
3
0
5
9
9
0
1
9
0
7
6
7
7
9
0
0
6
8
0
8
6
4
6
8
5
5
5
5
5
2
1
5
0
5
2
9
1
8
3
9
9
5
6
3
4
1
7
6
4
0
4
0
7
3
6
6
9
8
7
56
448
552
49
515
701
481
248
936
728
448
620
430
439
537
619
429
537
735
89
367
89
332
435
417
425
987
808
384
616
841
28
225
250
946
58
721
602
984
901
987
686
702
651
864
583
667
431
256
772
227
625
62
50
567
388
90
138
979
684
881
311
984
106
391
634
952
678
396
156
55
488
99
103
290
27
255
985
151
510
105
255
452
103
117
18
987
758
835
440
659
716
393
297
906
887
237
4
206
315
